[UTF8/MIXED]
[43884.6852860648111.67.192.120]
created=43884.6852860648
IP=111.67.192.120
port=21
user=ftp6361071
pass=EE0FBA0B04096C95FE040605
LoginType=1
options=3030333000033001103000010003333000001002000133903300
Proxy=0
ID=FBD3E42F

[43884.6963323958111.67.192.120]
created=43884.6963323958
IP=111.67.192.120
port=21
user=ftp6361071	
pass=8EEE5AEA24698CF51E66A5EF
LoginType=1
options=3030333000033001103000010003333000001002000133903300
Proxy=0
ID=1AFC86B9
